%YAML:1.0
points3D_12: !!opencv-matrix
   rows: 1202
   cols: 3
   dt: f
   data: [ 1.15212011e+00, -1.38087807e+01, 3.33469849e+01,
       9.10813272e-01, -1.36888571e+01, 3.35612679e+01, -2.16056418e+00,
       -1.39567804e+01, 3.43871880e+01, -2.16056418e+00, -1.39567804e+01,
       3.43871880e+01, -2.02293587e+00, -1.40378628e+01, 3.45317612e+01,
       -2.02293587e+00, -1.40378628e+01, 3.45317612e+01, -2.26588202e+00,
       -1.03385868e+01, 2.54882946e+01, 1.96327388e+00, -1.37629299e+01,
       3.39213562e+01, -3.68189788e+00, -1.40864754e+01, 3.48045197e+01,
       -3.33200884e+00, -1.41325827e+01, 3.48922653e+01, -1.92056143e+00,
       -1.34162788e+01, 3.36548195e+01, -8.14313948e-01, -1.32293148e+01,
       3.33814926e+01, -8.14313948e-01, -1.32293148e+01, 3.33814926e+01,
       -1.28057444e+00, -1.31452198e+01, 3.32444229e+01, -1.28057444e+00,
       -1.31452198e+01, 3.32444229e+01, -3.93257439e-01, -1.31368256e+01,
       3.31995316e+01, -1.66069210e-01, -1.31825504e+01, 3.32862320e+01,
       -5.88040829e-01, -1.30510178e+01, 3.31246758e+01, 2.21399045e+00,
       9.21433353e+00, -2.33807869e+01, -2.97693300e+00, -1.32598343e+01,
       3.37187004e+01, -1.73743784e+00, -1.28948631e+01, 3.28888702e+01,
       -3.56901765e+00, -1.32177725e+01, 3.37851181e+01, -1.55672908e+00,
       -1.38915091e+01, 3.63191338e+01, -5.21885204e+00, -1.23771114e+01,
       3.36385880e+01, -5.21885204e+00, -1.23771114e+01, 3.36385880e+01,
       -2.08694410e+00, -1.20512304e+01, 3.33655586e+01, -2.08694410e+00,
       -1.20512304e+01, 3.33655586e+01, -7.86107016e+00, -1.32975359e+01,
       3.69768372e+01, -7.86107016e+00, -1.32975359e+01, 3.69768372e+01,
       -2.93023288e-01, -1.19313440e+01, 3.33677750e+01, -8.67788255e-01,
       -1.19281597e+01, 3.34134521e+01, 2.39915133e-01, -1.18091984e+01,
       3.33364182e+01, -8.98360157e+00, -1.23430567e+01, 3.58664513e+01,
       -8.06775761e+00, -1.27188120e+01, 3.71833725e+01, -4.83174920e-01,
       -1.11812210e+01, 3.40792618e+01, -2.44841051e+00, -1.12317114e+01,
       3.43308830e+01, -1.07086630e+01, -1.16933146e+01, 3.62590179e+01,
       -7.09808588e+00, -1.18771582e+01, 3.65932465e+01, -4.86195594e-01,
       -1.10695534e+01, 3.42605629e+01, 1.29782522e+00, -1.09240952e+01,
       3.40644455e+01, -1.45817912e+00, -1.10037680e+01, 3.46408958e+01,
       3.82994525e-02, -1.06264935e+01, 3.45959892e+01, -9.83115292e+00,
       -1.11410599e+01, 3.64738541e+01, -2.27337646e+00, -1.05902014e+01,
       3.48645973e+01, 1.23350801e+01, -1.02102118e+01, 3.36962814e+01,
       -3.09819865e+00, -1.04766197e+01, 3.52558441e+01, -3.09819865e+00,
       -1.04766197e+01, 3.52558441e+01, -1.62819564e+00, -1.03847761e+01,
       3.50027237e+01, -1.62819564e+00, -1.03847761e+01, 3.50027237e+01,
       -7.87205553e+00, -1.05885229e+01, 3.69363480e+01, -8.20707381e-01,
       -1.01261129e+01, 3.52955780e+01, -7.23536730e+00, -1.05992985e+01,
       3.71619263e+01, -3.35288167e+00, -1.00303555e+01, 3.54676094e+01,
       -8.19360793e-01, -9.99077415e+00, 3.53247452e+01, -8.24511528e+00,
       -1.01668310e+01, 3.71060143e+01, 7.43676138e+00, -9.61938667e+00,
       3.53539581e+01, -3.34243345e+00, -9.74969387e+00, 3.59413948e+01,
       1.64300382e+00, -9.55357647e+00, 3.52726059e+01, -7.28963092e-02,
       -9.58070850e+00, 3.56272125e+01, 1.12698441e+01, -1.29591284e+01,
       4.88557243e+01, 8.17686844e+00, -9.09070778e+00, 3.42864990e+01,
       1.00053587e+01, -9.00518799e+00, 3.46119080e+01, 1.00053587e+01,
       -9.00518799e+00, 3.46119080e+01, 1.01732826e+00, -9.23384571e+00,
       3.57673454e+01, -7.96229553e+00, -9.68787384e+00, 3.80623550e+01,
       -4.49115664e-01, -9.21490097e+00, 3.63597527e+01, -7.36333084e+00,
       -9.58693027e+00, 3.80673103e+01, -8.30072308e+00, -9.58524227e+00,
       3.83302956e+01, -9.23473454e+00, -9.38777542e+00, 3.76613731e+01,
       2.17494106e+00, -8.83088970e+00, 3.56730194e+01, -7.82418346e+00,
       -9.32704163e+00, 3.81298599e+01, 1.84537840e+00, -8.43099785e+00,
       3.59028244e+01, 7.88987875e+00, -8.32592010e+00, 3.54140930e+01,
       7.52726030e+00, -8.32638073e+00, 3.71229668e+01, 1.23083181e+01,
       -7.40931463e+00, 3.30317421e+01, 1.23083181e+01, -7.40931463e+00,
       3.30317421e+01, -6.72628307e+00, -6.80463791e+00, 3.10544910e+01,
       -8.42277527e+00, -8.53099632e+00, 3.88835793e+01, 1.12467253e+00,
       -8.01641750e+00, 3.66765938e+01, -4.49980640e+00, -8.00473499e+00,
       3.68162537e+01, 9.17775345e+00, -7.85773993e+00, 3.60900726e+01,
       1.24417877e+01, -7.35919380e+00, 3.37559280e+01, -4.78893375e+00,
       -8.13927174e+00, 3.75448990e+01, 1.06114016e+01, -7.47429609e+00,
       3.44421730e+01, -5.02669334e+00, -8.07417011e+00, 3.73464813e+01,
       -3.87535810e+00, -7.99138117e+00, 3.74182358e+01, -3.87535810e+00,
       -7.99138117e+00, 3.74182358e+01, 1.60881901e+01, -9.32943439e+00,
       4.41702271e+01, -9.65791988e+00, -8.10317039e+00, 3.84551086e+01,
       -9.05649757e+00, -8.27309895e+00, 3.92624931e+01, 1.20538199e+00,
       -7.82586527e+00, 3.70765915e+01, 9.69848728e+00, -7.40150261e+00,
       3.51906357e+01, 9.69848728e+00, -7.40150261e+00, 3.51906357e+01,
       1.18092978e+00, -7.53913784e+00, 3.72101974e+01, 1.19381800e+01,
       -6.99405813e+00, 3.47729187e+01, 1.10044336e+01, -7.08968687e+00,
       3.53624229e+01, -1.98652673e+00, -7.52856541e+00, 3.77394333e+01,
       -1.98652673e+00, -7.52856541e+00, 3.77394333e+01, 1.09302235e+01,
       -6.84349823e+00, 3.48298416e+01, -5.64724874e+00, -7.51969147e+00,
       3.85995026e+01, 1.09121561e+01, -6.86892843e+00, 3.54473495e+01,
       -9.25873375e+00, -7.61611891e+00, 3.98274994e+01, -6.57972813e-01,
       -7.24176645e+00, 3.79444809e+01, 1.07596960e+01, -6.78844452e+00,
       3.55647774e+01, -7.85602665e+00, -7.68464041e+00, 4.04725037e+01,
       -3.50540113e+00, -7.18076563e+00, 3.78616066e+01, -3.50540113e+00,
       -7.18076563e+00, 3.78616066e+01, -1.00325384e+01, -7.29559755e+00,
       3.89893150e+01, -7.20952129e+00, -7.58667135e+00, 4.07453499e+01,
       1.10666084e+01, -6.66658401e+00, 3.58528328e+01, -7.74757910e+00,
       -7.45091057e+00, 4.05449333e+01, -7.74757910e+00, -7.45091057e+00,
       4.05449333e+01, -9.74420643e+00, -7.25410986e+00, 3.96272888e+01,
       -9.74420643e+00, -7.25410986e+00, 3.96272888e+01, -8.54314446e-01,
       -6.94160557e+00, 3.79860916e+01, 1.55462861e+00, -6.91212797e+00,
       3.77185707e+01, -4.25251350e+01, 2.97138729e+01, -1.61569824e+02,
       1.66828498e-01, -6.89447689e+00, 3.77509308e+01, -9.99414349e+00,
       -7.03838873e+00, 3.88891869e+01, 6.05586350e-01, -6.74996042e+00,
       3.76129990e+01, -7.18202209e+00, -7.28964376e+00, 4.08227844e+01,
       -3.51607966e+00, -6.76933002e+00, 3.81288033e+01, -1.08079491e+01,
       -7.03206110e+00, 3.97897339e+01, -7.18028498e+00, -7.62434721e+00,
       4.38561134e+01, -2.38343850e-01, -6.62631083e+00, 3.80481567e+01,
       8.29357147e+00, -6.47439337e+00, 3.72949562e+01, -6.80450773e+00,
       -7.58450413e+00, 4.40811729e+01, 9.65831089e+00, -6.37497330e+00,
       3.68931808e+01, 1.02972479e+01, -6.34646177e+00, 3.66972198e+01,
       -1.45080340e+00, -6.55108690e+00, 3.83391571e+01, 9.99336052e+00,
       -6.28805828e+00, 3.66670647e+01, -7.42047930e+00, -7.02153301e+00,
       4.14872208e+01, 9.76555824e+00, -6.18823481e+00, 3.66496353e+01,
       -6.85167074e+00, -7.39639568e+00, 4.41602364e+01, -1.15648139e+00,
       -6.47577000e+00, 3.88410225e+01, -1.15648139e+00, -6.47577000e+00,
       3.88410225e+01, 9.51789379e+00, -6.16365480e+00, 3.71967392e+01,
       -7.77984762e+00, -6.78418589e+00, 4.11463852e+01, -9.71312332e+00,
       -6.50903463e+00, 3.98992577e+01, -4.25529671e+00, -6.26776838e+00,
       3.84767036e+01, 1.15406618e+01, -5.92424774e+00, 3.63368950e+01,
       -1.05536556e+01, -6.36079693e+00, 3.98723640e+01, -3.94210792e+00,
       -6.20278358e+00, 3.90418320e+01, 9.64132118e+00, -5.92998886e+00,
